	  100 121412	121411
	   11 121412	121409
	    1 121412	121298
	    1 121412	121378
	    1 121412	121384
	    1 121412	121395
	    1 121412	121396
	    1 121412	121397
	    1 121412	121401
	   20 121412	121410
	    2 121412	121403
	    2 121412	121405
	    2 121412	121406
	    3 121412	121407
	   10 121410	121409
	    1 121410	121405
	    1 121410	121406
	    1 121410	121407
	    2 121410	121403
	    3 121410	121408
	    1 121408	121400
	    1 121408	121405
	    3 121408	121406
	    3 121408	121407
	    1 121406	121394
	    1 121406	121395
	    1 121406	121402
	    1 121406	121403
	    1 121406	121404
	    1 121404	121403
	    1 121402	121387
	    2 121398	121397
	    1 121396	121388
	    1 121396	121395
	    1 121392	121391
	    1 121388	121381
	    1 121388	121382
	    1 121382	121372
	    2 121376	121375
	    1 121372	121368
	    1 121372	121371
	    1 121368	121367
	    1 121366	121365
	    1 121362	121359
	    1 121362	121360
	    1 121360	121358
	    1 121352	121351
	    1 121350	121349
	    1 121336	121321
	    1 121336	121335
	    1 121334	121311
	    1 121334	121333
	    3 121330	121329
	    1 121328	121322
	    1 121328	121326
	    2 121328	121327
	    1 121326	121284
	    1 121326	121321
	    3 121326	121325
	    2 121324	121323
	    1 121320	121319
	    1 121316	121314
	    1 121312	120896
	    1 121312	121311
	    1 121310	121308
	    1 121300	121298
	    1 121296	121295
	    1 121294	121289
	    1 121284	121204
	    1 121282	121280
	    1 121282	121281
	    1 121280	121279
	    1 121268	121267
	    1 121262	121261
	    1 121260	121258
	    1 121260	121259
	    1 121254	121241
	    1 121236	121235
	    1 121214	121213
	    1 121206	121205
	    1 121180	121179
	    1 121108	121107
	    1 121058	121044
	    1 120954	120953
	    1 120912	120872
	    1 120912	120911
	    1 120904	120903
	    1 120464	120464
	    1 118866	118865
	    1 117458	117454
	    1 115950	115949
	    1 114392	114391
	    1 113446	113446
	    1 112558	112556
	    1 111060	111060
	    1 110938	110936
	    1 110902	110901
	    1 110890	110887
	    1 110878	110876
	    1 110852	110851
	    1 110782	110781
	    1 110570	110567
	    1 110532	110524
	    1 110426	110426
	    1 109998	109994
	    1 109794	109778
	    1 109540	109540
	    1 109376	109375
	    1 108658	108658
	    1 108652	108651
	    1 108544	108543
	    1 108420	108419
	    1 108250	108250
	    1 107872	107871
	    1 107618	107617
	    1 107034	107033
	    1 106486	106485
	    1 106176	106172
	    1 100502	100501
	    1 93176	93175
	    1 74498	74496
	    1 64182	64182
	    1 51248	51248
	    1 47476	47475
	    1 44356	44355
	    1 16428	16427
	    1 16302	16301
	    1 15158	15157
	    1 15138	15137
	    1 15118	15117
	    1 15080	15079
	    1 14930	14929
	    1 14902	14901
	    1 14666	14635
	    1 14518	14513
	    1 14480	14479
	    1 14186	14184
	    1 13720	13251
	    1 13714	13240
